District: 1 0.519763 0.516163
District: 2 0.219368 0.259331
District: 3 0.291299 0.315075
District: 4 0.558195 0.514150
District: 5 0.352822 0.361336
District: 6 0.483182 0.432936
District: 7 0.612943 0.635573
District: 8 0.579852 0.579531
District: 9 0.460973 0.420282
District: 10 0.378714 0.385936
District: 11 0.292937 0.311093
District: 12 0.521693 0.546758
District: 13 0.262294 0.242275
District: 14 0.591103 0.587982
District: 15 0.242483 0.288138
District: 16 0.345844 0.345576
District: 17 0.230520 0.258272
District: 18 0.324523 0.366677
District: 19 0.434419 0.426905
District: 20 0.525589 0.520284
District: 21 0.497067 0.469433
District: 22 0.492041 0.513551
District: 23 0.534745 0.545871
District: 24 0.565023 0.560581
District: 25 0.369231 0.321302
District: 26 0.564059 0.536583
District: 27 0.524390 0.484273
District: 28 0.568159 0.568200
District: 29 0.474457 0.467071
District: 30 0.227947 0.284465
District: 31 0.413516 0.450099
District: 32 0.291033 0.302262
District: 33 0.272485 0.304043
District: 34 0.388811 0.440459
District: 35 0.342344 0.377913
District: 36 0.273427 0.341248
District: 37 0.597563 0.614629
District: 38 0.483932 0.406362
District: 39 0.388114 0.416068
District: 40 0.385645 0.360310
District: 41 0.372475 0.306619
District: 42 0.521296 0.511601
District: 43 0.316090 0.289728
District: 44 0.219994 0.322156
District: 45 0.329963 0.328187
District: 46 0.570480 0.581733
District: 47 0.404009 0.408454
District: 48 0.579753 0.570290
District: 49 0.329223 0.359197
District: 50 0.233298 0.217898
District: 51 0.548617 0.530013
District: 52 0.204775 0.202324
District: 53 0.386291 0.321243
District: 54 0.226313 0.186296
District: 55 0.169728 0.173579
District: 56 0.296926 0.297328
District: 57 0.199583 0.171489
District: 58 0.285207 0.242064
District: 59 0.296230 0.178595
District: 60 0.248875 0.251609
District: 61 0.244263 0.213103
District: 62 0.272454 0.304970
District: 63 0.240608 0.244249
District: 64 0.176390 0.133579
District: 65 0.190824 0.266278
District: 66 0.177309 0.141986