District: 1 0.593437 0.568663
District: 2 0.210141 0.205815
District: 3 0.323873 0.269248
District: 4 0.614418 0.566368
District: 5 0.326102 0.339926
District: 6 0.558374 0.548625
District: 7 0.705564 0.745250
District: 8 0.773541 0.765736
District: 9 0.465532 0.440965
District: 10 0.425923 0.387694
District: 11 0.310862 0.298498
District: 12 0.546243 0.481904
District: 13 0.271214 0.249631
District: 14 0.673520 0.649618
District: 15 0.235383 0.253125
District: 16 0.404059 0.380446
District: 17 0.232126 0.247183
District: 18 0.341775 0.361010
District: 19 0.453029 0.409374
District: 20 0.592991 0.559999
District: 21 0.505394 0.447140
District: 22 0.726055 0.728362
District: 23 0.721065 0.721303
District: 24 0.669964 0.655796
District: 25 0.390025 0.354594
District: 26 0.615552 0.657085
District: 27 0.673137 0.651305
District: 28 0.644027 0.640511
District: 29 0.440708 0.481897
District: 30 0.272570 0.280522
District: 31 0.427147 0.380477
District: 32 0.309136 0.304121
District: 33 0.261406 0.308175
District: 34 0.385513 0.334158
District: 35 0.373693 0.362387
District: 36 0.302974 0.268121
District: 37 0.753278 0.740439
District: 38 0.477896 0.511874
District: 39 0.379977 0.373223
District: 40 0.367479 0.438514
District: 41 0.348184 0.364911
District: 42 0.538699 0.529204
District: 43 0.351326 0.276974
District: 44 0.238626 0.251274
District: 45 0.315465 0.317901
District: 46 0.677352 0.671067
District: 47 0.423144 0.399938
District: 48 0.673199 0.664977
District: 49 0.284473 0.299699
District: 50 0.232513 0.295449
District: 51 0.617797 0.619130
District: 52 0.256034 0.228869
District: 53 0.430325 0.349086
District: 54 0.207902 0.239967
District: 55 0.181782 0.198413
District: 56 0.281904 0.325420
District: 57 0.158767 0.194551
District: 58 0.280310 0.292194
District: 59 0.239928 0.299062
District: 60 0.251642 0.312778
District: 61 0.249215 0.269264
District: 62 0.270915 0.236825
District: 63 0.229797 0.188008
District: 64 0.136657 0.189879
District: 65 0.205419 0.215457
District: 66 0.166543 0.121065

